Webots Project File version R2018a
perspectives: 000000ff00000000fd00000003000000000000000000000000fc0100000001fb0000001a0044006f00630075006d0065006e0074006100740069006f006e0000000000ffffffff0000005400ffffff00000001000002a7000001acfc0200000001fb0000001400540065007800740045006400690074006f00720100000015000001ac0000009d00ffffff0000000300000556000000e6fc0100000001fb0000000e0043006f006e0073006f006c00650100000000000005560000005400ffffff000002a9000001ac00000001000000020000000100000008fc00000000
simulationViewPerspectives: 000000ff0000000100000002000000ca000003290100000006010000000100
sceneTreePerspectives: 000000ff0000000100000002000000c0000001080100000006010000000200
maximizedDockId: -1
centralWidgetVisible: 1
orthographicViewHeight: 1.29147
textFiles: 1 "controllers/controlador_epuck_c/controlador_epuck_c.c" "controllers/Busqueda_astar/Busqueda_astar.py"
renderingDevicePerspectives: e-puck:camera;1;1;0.0570825;0.0537634
